<?xml version="1.0"?>
<opencv_storage>
<extrinsic type_id="opencv-matrix">
  <rows>4</rows>
  <cols>4</cols>
  <dt>d</dt>
  <data>
    9.9873682620586823e-001 3.3548550344751370e-002
    3.7406506786854775e-002 -5.1770186304907796e+001
    -1.8082763476440160e-002 9.3455266817148375e-001
    -3.5536505748119868e-001 -4.3389786530218446e+000
    -4.6880333246303314e-002 3.5423975663853174e-001
    9.3397881623267520e-001 1.4146507584204579e+002 0. 0. 0. 1.</data></extrinsic>
<intrinsic type_id="opencv-matrix">
  <rows>3</rows>
  <cols>3</cols>
  <dt>d</dt>
  <data>
    4.6227364154354348e+002 0. 5.2553209137277759e+002 0.
    4.6350356858334209e+002 3.4165032757536443e+002 0. 0. 1.</data></intrinsic>
<distortion type_id="opencv-matrix">
  <rows>1</rows>
  <cols>5</cols>
  <dt>d</dt>
  <data>
    -3.8361132702674933e-001 1.8493581443200566e-001
    -7.2391914766728504e-004 -3.1708984350110664e-004
